100

72 23 28

51 29 29

4 2 1

85 2 11

62 30 3

52 20 18

99 25 21

24 13 7

90 8 19

21 1 11

51 1 2

85 21 5

33 28 1

30 11 6

84 6 26

33 32 8

72 35 16

88 26 11

5 1 2

52 6 13

25 24 1

45 4 32

57 11 24

98 15 26

2 1 1

7 2 1

62 17 24

68 27 3

5 1 2

40 12 11

26 16 25

85 29 11

68 5 27

30 21 21

5 3 3

9 4 6

38 5 29

94 39 17

52 18 21

51 28 21

14 8 6

91 36 22

72 14 29

36 2 38

17 4 4

46 7 22

7 3 3

23 10 3

81 24 28

38 36 30

45 13 3

30 27 30

37 14 36

71 3 23

84 9 39

23 18 9

1 1 1

75 28 32

18 7 9

33 6 29

60 30 7

24 11 12

9 2 5

34 23 15

76 35 10

96 19 4

98 40 4

70 24 31

9 4 4

68 9 32

43 7 23

5 2 3

91 31 14

72 9 7

88 18 34

3 1 1

13 7 7

24 23 12

7 2 4

46 1 35

75 23 30

93 8 6

27 16 24

69 11 39

37 37 27

67 26 1

80 24 25

28 3 20

87 22 39

76 9 4

77 38 10

99 3 23

19 14 5

91 8 10

54 26 38

30 2 31

15 10 7

10 3 1

84 40 29

45 35 24
