0.409150907
0.67062381
0.994022675
0.845939458
0.37227972
0.826768114
0.83730689
0.40797936
0.09901779
0.009914645
0.46408197
0.543555662
0.786077123
0.971712653
0.089364042
0.101920634
0.038112577
0.279225831
0.833925118
0.20933059
0.484378756
0.67090947
0.757978211
0.223068946
0.18309430
0.03782951
0.843066255
0.93021350
0.83006881
0.640483742
0.193124539
0.69212370
0.099416273
0.940803261
0.533764994
0.262413030
0.419511037
0.157623334
0.485826142
0.96713944
0.27794637
0.638243062
0.349427768
0.24694540
0.39679014
0.96722795
0.63685044
0.10614791
0.94313918
0.87945204
0.203944550
0.711674026
0.081977519
0.013307965
0.122201904
0.363482355
0.65410610
0.61506007
0.314689363
0.10195505
0.178995957
0.26542343
0.28538643
0.618086974
0.213708343
0.021876750
0.08388270
0.316663666
0.953161020
0.459288127
0.406062358
0.898314438
0.142062095
0.299818245
0.1
0.11
0.111
0.1111
0.11111
0.111111
0.1111111
0.11111111
0.111111111
0.15
0.115
0.1115
0.11115
0.111115
0.1111115
0.11111115
0.111111115
0.2
0.12
0.112
0.1112
0.11112
0.111112
0.1111112
0.11111112
0.111111112
0.25
0.125
0.1125
0.11125
0.111125
0.1111125
0.11111125
0.111111125
0.3
0.30
0.300
0.3000
0.30000
0.300000
0.3000000
0.30000000
