101

56985703 6 100

79761135 7 93

59595584 6 50

98529193 1 39

93731344 9 31

47519832 14 37

57995043 15 10

67254951 1 15

18372847 8 4

40876839 5 80

54244366 6 82

85797188 6 69

89085615 3 4

37227257 3 96

95603255 2 92

43944575 4 23

7773145 14 17

45542478 15 67

24427928 3 66

63716340 8 4

60641075 13 21

28961761 9 9

72069139 7 23

60933519 2 80

16799437 8 86

37591637 9 12

41879425 11 57

11877922 6 34

4286082 4 13

62566350 14 52

7743345 6 27

54351825 1 87

77120222 6 26

93193173 3 44

1099872 1 32

47088014 6 20

26161078 1 44

1346811 15 65

87383810 6 99

55161274 15 48

45556041 11 44

17845180 3 68

5309528 5 41

97034698 14 66

82764299 12 89

10617937 14 3

77056538 9 32

84820544 10 42

84485134 5 51

478237 11 76

96516191 3 16

85756423 2 48

44644341 12 75

97765437 1 72

6053227 11 22

38823501 4 10

33667893 9 47

32465829 6 42

52127933 2 76

44423935 4 12

76952888 12 54

52425432 14 76

82742447 4 68

45024155 2 56

32463728 1 83

98677390 11 35

95785857 7 27

1000 1 250

49950208 1 7

10000901 2 39

15838096 5 25

22623066 7 12

28428204 13 95

51098689 7 94

95944048 4 48

65031682 11 76

88609537 11 17

29811901 2 25

18211664 11 33

91145720 5 33

80582851 6 28

92033997 6 45

69498996 14 49

98734270 7 37

29416863 2 37

11828564 14 18

99506247 2 55

83789764 13 7

98347008 14 22

80676510 15 41

30389850 6 43

96943667 2 39

57290848 3 34

16373175 4 55

56933095 5 70

23994762 4 33

55054609 4 32

43757319 7 95

95954158 2 54

4046277 11 63

35583632 9 65
