0 0 3 9 0 0 7 6 0
0 4 0 0 0 6 0 0 9
6 0 7 0 1 0 0 0 4
2 0 0 6 7 0 0 9 0
0 0 4 3 0 5 6 0 0
0 1 0 0 4 9 0 0 7
7 0 0 0 9 0 2 0 1
3 0 0 2 0 0 0 4 0
0 2 9 0 0 8 5 0 0 
 
0 0 3 9 0 0 7 6 0
0 4 0 0 0 6 0 0 9
6 0 0 0 1 0 0 0 4
0 0 0 6 7 0 0 9 0
0 0 4 0 0 5 6 0 0
0 1 0 0 4 9 0 0 0
7 0 0 0 9 0 2 0 1
3 0 0 2 0 0 0 4 0
0 2 0 0 0 8 5 0 0 
 
0 0 3 9 0 0 7 6 0
0 4 0 0 0 6 0 0 9
6 0 7 0 1 0 0 0 4
2 0 0 6 7 0 0 9 0
0 0 4 3 0 5 6 0 0
0 1 0 0 4 9 0 0 7
7 2 0 0 9 0 2 0 1
3 0 0 2 0 0 0 4 0
0 2 9 0 0 8 5 0 0 
 
0 0 3 9 0 0 7 6 0
0 4 0 0 0 6 0 0 9
6 0 7 0 1 0 0 0 4
2 0 0 6 7 0 0 9 0
0 0 4 3 0 5 6 0 0
0 1 0 0 4 9 0 0 7
7 5 0 0 9 0 2 0 1
3 0 0 2 0 0 0 4 0
0 2 9 0 0 8 5 0 0 


4 0 3 9 0 0 7 6 0
0 4 0 0 0 6 0 0 9
6 0 7 0 1 0 0 0 4
2 0 0 6 7 0 0 9 0
0 0 4 3 0 5 6 0 0
0 1 0 0 4 9 0 0 7
7 0 0 0 9 0 2 0 1
3 0 0 2 0 0 0 4 0
0 2 9 0 0 8 5 0 0 

