4 0 2 9 0 5 8 0 3
3 9 0 0 0 0 0 6 4
0 0 1 0 0 0 9 0 0
0 0 0 5 0 1 0 0 0
0 4 0 6 0 2 0 3 0
0 0 0 4 0 8 0 0 0
0 0 7 0 0 0 5 0 0
5 1 0 0 0 0 0 2 7
9 0 4 7 0 3 6 0 8


1 2 3 0 0 0 0 0 0
4 5 6 8 0 0 0 3 0
7 8 9 0 0 1 0 0 0
0 0 5 0 0 0 1 2 3
3 0 0 0 0 2 4 5 6
0 0 0 0 0 0 7 8 9
0 0 0 1 2 3 0 0 0
0 0 0 4 5 6 0 0 0
0 4 0 7 8 9 0 0 0


0 0 0  0 0 0  0 0 1 
4 0 0  5 0 0  0 2 0 
2 0 0  4 0 0  6 0 0 

0 0 5  6 4 0  0 0 0 
9 0 0  0 0 0  0 0 8 
0 0 0  0 7 1  3 0 0 

0 0 1  0 0 6  0 0 9 
0 6 0  0 0 3  0 0 5 
8 0 0  0 0 0  0 0 0
