14

9 3
1048195611
1691829327
2885968867
1559226685
1942937354
2617122521
2207699120
1040883969
1906812397

9 4
1951438301
1473696137
1478630787
2442994804
4176846486
3308996209
639389132
2332498254
3726329304

5 6
957610575
2991491789
1686012998
2171412272
1497011258

9 3
1048195611
1691829327
2885968867
1559226685
1942937354
2617122524
2207699120
1040883969
1906812397

9 3
1048195611
1691829327
2885968867
1559226685
1942937354
2617122524
2207699119
1040883967
1906812397

8 2
123752223
3351035491
4248407514
1994201333
1298655654
2009810916
1378130459
1077483714

5 5
3850345590
2768421099
2481486273
1989827272
3372744337

6 5
1473136464
2563771693
2128432055
1629538744
4156203998
1533178008

6 5
3942866386
2029550594
2940693346
1432240393
57619095
2247383095

6 5
3942866386
2029550576
2940693346
1432240393
57619095
2247383095

5 2
3626028960
2719867405
508037633
1522876389
3667752389

8 6
2358764297
1622274399
2721657636
3038038447
3514242263
399019380
707475842
1316086726

6 2
1434303844
223706191
3979691095
3809961448
2177688336
3778712436

6 2
1434303844
223706191
3979691095
3809961448
2177688336
3778712438
