1

225
90300
90902
91506
92112
92720
93330
93942
94556
95172
95790
96410
97032
97656
98282
98910
99540
100172
100806
101442
102080
102720
103362
104006
104652
105300
105950
106602
107256
107912
108570
109230
109892
110556
111222
111890
112560
113232
113906
114582
115260
115940
116622
117306
117992
118680
119370
120062
120756
121452
122150
122850
123552
124256
124962
125670
126380
127092
127806
128522
129240
129960
130682
131406
132132
132860
133590
134322
135056
135792
136530
137270
138012
138756
139502
140250
141000
141752
142506
143262
144020
144780
145542
146306
147072
147840
148610
149382
150156
150932
151710
152490
153272
154056
154842
155630
156420
157212
158006
158802
159600
160400
161202
162006
162812
163620
164430
165242
166056
166872
167690
168510
169332
170156
170982
171810
172640
173472
174306
175142
175980
176820
177662
178506
179352
180200
181050
181902
182756
183612
184470
185330
186192
187056
187922
188790
189660
190532
191406
192282
193160
194040
194922
195806
196692
197580
198470
199362
200256
201152
202050
202950
203852
204756
205662
206570
207480
208392
209306
210222
211140
212060
212982
213906
214832
215760
216690
217622
218556
219492
220430
221370
222312
223256
224202
225150
226100
227052
228006
228962
229920
230880
231842
232806
233772
234740
235710
236682
237656
238632
239610
240590
241572
242556
243542
244530
245520
246512
247506
248502
249500
250500
251502
252506
253512
254520
255530
256542
257556
258572
259590
260610
261632
262656
263682
264710
265740
266772
267806
268842
269880
270920
271962
273006
274052
275100
276150
277202
278256
279312
280370
281430
282492
283556
284622
285690
286760
287832
288906
289982
291060
292140
293222
294306
295392
296480
297570
298662
299756
300852
301950
303050
304152
305256
306362
307470
308580
309692
310806
311922
313040
314160
315282
316406
317532
318660
319790
320922
322056
323192
324330
325470
326612
327756
328902
330050
331200
332352
333506
334662
335820
336980
338142
339306
340472
341640
342810
343982
345156
346332
347510
348690
349872
351056
352242
353430
354620
355812
357006
358202
359400
