0.000000 0.333333
0.333333 0.000000

0.000000 0.158575 0.158575 0.290498 0.290498
0.169997 1.000000 0.190249 1.000000 0.290498
0.169997 1.000000 0.158575 0.290498 0.290498
0.169997 1.000000 0.158575 1.000000 1.000000
0.169997 0.169997 0.000000 0.000000 0.000000

0.000000 0.333333 0.333333
0.208333 1.000000 0.333333
0.083333 0.208333 0.000000

0.000000 0.333333 0.362069
0.229885 0.827586 0.333333
0.103448 0.229885 0.000000

0.000000 0.306323 0.405105 0.460020 0.487886
0.306323 0.326223 0.363506 0.415657 0.460020
0.405105 0.363506 0.347423 0.363506 0.405105
0.460020 0.415657 0.363506 0.326223 0.306323
0.487886 0.460020 0.405105 0.306323 0.000000

0.000000 0.297131 0.387883 0.442577 0.464531 0.487493
0.316706 0.338355 0.330075 0.418980 0.387451 0.461218
0.415218 0.382289 0.000000 1.000000 0.426257 0.432297
0.469424 0.464337 0.238489 0.323881 0.326913 0.340870
0.491602 0.464554 0.405177 0.344487 0.259860 0.000000

0.000000
